
101010001111100111110011101000010101110100011100
000111000101100010110100001011101001000100010010
011110101001011010001001110001001100010011100101
010101001011100101101110110110000000010000011100
111101010001001111100110101110000001110001010011
010100101011010011001000111011111101110000101000
001000001101011001100101101111000100011100011101
111100011000001011101101010001110001111101001010
011111000101000110100100001011111110000100001110
010100101011010011001000111011111101110000101000
011110110100010110001001110101111100010110100101
011000110001101010001011001011111010111011010010
000101101100100100101001101010000000000100000011
000111100111010000101101011001010000110001011010
110001000101011110110011111010010011100011000011
111101001000000111010101011111100000101001111111
100001100001001101000001111110101000100010001111
111111010011011001101110000110001010101111011000
101010010101011100011011011101001000010101001100
110011101000001001010110101010011110010110101011
110100101011100011110110100000010000100110111001
011100111010010100011101110001100101000111111111
100101001110001111101101100110100100001100001000
110000011011011001111110001001011000000001101010
011011010000001100101111100010010101110100001100
100111101010111110110111000100110001011001001000
010011111010011010001100001101011001110001101010
000111100110101110011101011111001111110001100111
011111000101000110100100001011111110000100001110
100011100111000101010111101010011010011010011111
001111111000010110011000110100101001100011011010
001111010111101110100010111011111010000011101010