
101010001111100111110011101000010111001110100001
000111000101100010110100001011100011010000101110
011110101001011010001001110001000111101010010110
010101001011100101101110110110001110111011011000
111101010001001111100110101110001111010100010011
010100101011010011001000111011110101001010110100
001000001101011001100101101111001110010110111100
111100011000001011101101010001111111000110000010
011111000101000110100100001011110111110001010001
010100101011010011001000111011110101001010110100
011110110100010110001001110101110111101101000101
011000110001101010001011001011110110001100011010
000101101100100100101001101010001010100110101000
000111100111010000101101011001011010110101100101
110001000101011110110011111010011100010001010111
111101001000000111010101011111101111010010000001
100001100001001101000001111110101100000111111010
111111010011011001101110000110001111110100110110
101010010101011100011011011101001010100101010111
110011101000001001010110101010011101011010101001
110100101011100011110110100000010111011010000001
011100111010010100011101110001100111001110100101
100101001110001111101101100110100110110110011010
110000011011011001111110001001011111111000100101
011011010000001100101111100010010110110100000011
100111101010111110110111000100110011011100010011
010011111010011010001100001101010100111110100110
000111100110101110011101011111000001110100101000
011111000101000110100100001011110111110001010001
100011100111000101010111101010011101011110101001
001111111000010110011000110100100011111110000101
001111010111101110100010111011110011110101111011