
010011000110001010101000111110011001001011100101111100111010000101001100011000101010100011111001
011110110110110100011100010110001100001111111001101101000010111001111011011011010001110001011000
100011100011000001111010100101101101010110110001100010011100010011010101101100011000100111000100
001111101000110101010100101110011111000100100111011011101101100011110001001001110110111011011000
100110100100101111110101000100110101110001110011111001101011100001011100011100111110011010111000
001101111110100101010010101101000110000110100100110010001110111101100001101001001100100011101111
111010011000000100100000110101101010001111111101011001011011110011101001100000010010000011010110
011111101001011011110001100000100010001110101011111011010100011101111110100101101111000110000010
101100001111100001111100010100011001110101100011101001000010111110110000111110000111110001010001
001101111110100101010010101101000110000110100100110010001110111101100001101001001100100011101111
100111010010111001111011010001011100000111110101100010011101011111000001111101011000100111010111
100001001011111001100011000110101101011101101010100010110010111111010111011010101000101100101111
111001010000001100010110110010010101101101111101001010011010100011100101000000110001011011011000
100011001111101000011110011101000001000001001001001011010110010100010000010010110010000110100001
001011111110100011000100010101111010011100010000101100111110100100101111111010001100010010011111
001111001101101011110100100000010110111101000010110101010111111001101111010000101101010101111110
100110001110110010000110000100111100010100100111010000011111101011000101001001110100000111111010
010110101000101111111101001101101111011100101100011011100001100011110111001011000110111000011000
100011010100000010101001010101110100011011100011000110110111010001000110111000110001101101110100
101110010111110111001110100000101110010100101111010101101010100111100101001011110101011010101001
011100011010100111010010101110000010001111000101111101101000000101110001101010011101001010111000
100111100001000001110011101001011111010001011000000111011100011011110100010110000001110111000110
011010000111101110010100111000111100001100100111111011011001101001101000011110111001010011100011
010111011000111111000001101101101010011010010001011111100010010101011101100011111100000110110110
100001001111111001101101000000110011011010110100001011111000100100110110101101000010111110001001
011000000111110110011110101011111001100011000101101101110001001101100000011111011001111010101111
111000010010110101001111101001100111111110100110100011000011010101111111101001101000110000110101
110100110101001000011110011010110100111010101011100111010111110011010011010100100111010000111001
101100001111100001111100010100011001110101100011101001000010111110110000111110000111110001010001
001010111100111110001110011100011000010011010110010101111010100100101011110011111000111001110001
110001100001001000111111100001011111101010110101100110001101001011111010101101011001100011010010
000111111010011000111101011110110110000011001001101000101110111101100000110010011010001011101111