
011110110110110100011100010110001100001111111001101101000010111011111111111001110100011101110100
100011100011000001111010100101101101010110110001100010011100010000100100011101001100011101110100
001111101000110101010100101110011111000100100111011011101101100011110000001110001101111011101100
100110100100101111110101000100110101110001110011111001101011100010110111010000100101000101110001
001101111110100101010010101101000110000110100100110010001110111101011010000101100011000000011101
111010011000000100100000110101101010001111111101011001011011110001001101111111111010000110001000
011111101001011011110001100000100010001110101011111011010100011101100010110010101011111001110010
101100001111100001111100010100011001110101100011101001000010111100001110110111001111010110011001
001101111110100101010010101101000110000110100100110010001110111101011010000101100011000000011101
100111010010111001111011010001011100000111110101100010011101011100011111101001110101100111101011
100001001011111001100011000110101101011101101010100010110010111100011100101011100110111000011000
111001010000001100010110110010010101101101111101001010011010100010000001000000011010001011011001
100011001111101000011110011101000001000001001001001011010110010111011101110001001000111001000011
001011111110100011000100010101111010011100010000101100111110100110010111100000111001001000000110
001111001101101011110100100000010110111101000010110101010111111001101100101001101010001111100010
100110001110110010000110000100111100010100100111010000011111101000011110100110101000100001101011
010110101000101111111101001101101111011100101100011011100001100010010010001111001001010010101000
100011010100000010101001010101110100011011100011000110110111010010010100101010101110101011010001
101110010111110111001110100000101110010100101111010101101010100101011111001011011101011000010101
011100011010100111010010101110000010001111000101111101101000000101010110000000110101001010101101
100111100001000001110011101001011111010001011000000111011100011001010010111100111110010011000000
011010000111101110010100111000111100001100100111111011011001101011101100001001010000011110100000
010111011000111111000001101101101010011010010001011111100010010111000100101000110110011100011100
100001001111111001101101000000110011011010110100001011111000100111111100001100110001001111100100
011000000111110110011110101011111001100011000101101101110001001110111001110000111110000001111011
111000010010110101001111101001100111111110100110100011000011010110100001011000011000000100100010
110100110101001000011110011010110100111010101011100111010111110011100010100011001101101110010011
101100001111100001111100010100011001110101100011101001000010111100001110110111001111010110011001
001010111100111110001110011100011000010011010110010101111010100111110001001011011100100000100100
110001100001001000111111100001011111101010110101100110001101001000000001010011110111110001101101
000111111010011000111101011110110110000011001001101000101110111101000001000000101111000000010011