
111110011010000101100010
010110000010111001001110
100101101100010000100010
101110011101100001011001
000100111011100010010011
101101001110111101101011
110101101011110001011010
100000100100011110010001
010100010010111101001000
101101001110111101101011
010001011101011111100100
000110100010111100010001
110010011010100000111001
011101000110010100100001
010101111110100110001000
100000010111111011000111
000100111111101011010101
001101100001100000010110
010101110111010000010011
100000101010100101110011
101110001000000100000001
101001011100011000110011
111000111001101001000101
101101100010010110100011
000000111000100111010100
101011110001001110001010
101001100011010110100011
011010110111110000110000
010100010010111101001000
011100011010100111100010
100001011101001000100000
011110111110111110110010