
111110011010000111111001
010110000010111001011000
100101101100010011000100
101110011101100011011000
000100111011100010111000
101101001110111111101111
110101101011110011010110
100000100100011101000111
010100010010111101010001
101101001110111111101111
010001011101011111010111
000110100010111100101111
110010011010100011001001
011101000110010101110100
010101111110100111101001
100000010111111001111110
000100111111101011111010
001101100001100000110110
010101110111010001110100
100000101010100110101001
101110001000000110111000
101001011100011011000110
111000111001101011100011
101101100010010110110110
000000111000100110001010
101011110001001110101111
101001100011010100110101
011010110111110001111100
010100010010111101010001
011100011010100101110001
100001011101001011010010
011110111110111101111011