
111110011010000101011110
010110000010111001001010
100101101100010000011110
101110011101100001010101
000100111011100010001111
101101001110111101100111
110101101011110001010110
100000100100011110001101
010100010010111101000100
101101001110111101100111
010001011101011111100000
000110100010111100001101
110010011010100000110101
011101000110010100011101
010101111110100110000100
100000010111111011000011
000100111111101011010001
001101100001100000010010
010101110111010000001111
100000101010100101101111
101110001000000101111101
101001011100011000101111
111000111001101001000001
101101100010010110011111
000000111000100111010000
101011110001001110000110
101001100011010110011111
011010110111110000101011
010100010010111101000100
011100011010100111011110
100001011101001000011011
011110111110111110101110