
111110011010000111111001
010110000010111001011000
100101101100010001000100
101110011101100001011000
000100111011100000111000
101101001110111101101111
110101101011110011010110
100000100100011111000111
010100010010111101010001
101101001110111101101111
010001011101011101010111
000110100010111110101111
110010011010100011001001
011101000110010101110100
010101111110100101101001
100000010111111011111110
000100111111101001111010
001101100001100000110110
010101110111010011110100
100000101010100100101001
101110001000000110111000
101001011100011001000110
111000111001101011100011
101101100010010110110110
000000111000100100001010
101011110001001110101111
101001100011010110110101
011010110111110011111100
010100010010111101010001
011100011010100101110001
100001011101001001010010
011110111110111101111011